13.2513525362568
10.3768134482332
11.5672302093859
13.8719415738871
11.6832997854752
10.5342625992874
11.8761042722244
11.5364565302051
12.6659289609912
11.3377287089559
13.2600633639907
17.6801156450244
11.3390893552769
11.4355216641691
11.9407502016352
10.4091068420217
10.6697883181423
12.2661410768537
10.896271489948
13.6028972405652
11.5903230043046
23.6059469976523
11.2636620407995
21.059395979105
13.339115214874
10.6363271319244
17.0455068390624
10.7924284865333
13.5904862401016
12.027174350732
17.3933966917357
11.1416637026172
10.4861176866955
39.5658356691083
10.3790734690975
15.4969010489448
10.6981561284911
17.3679236965466
10.3250639479053
13.7629571181046
10.363932508061
17.9950217585249
10.9339879556687
11.5326992837375
11.3050932337576
12.3489230729461
13.8978474132005
18.9134067988113
12.7709470572497
10.3504069213181
11.2082207823757
11.3441380163477
11.3688561018695
12.9002284391254
12.4769178746611
13.3386245823239
14.0867291547033
10.4072741437954
11.7444759709789
10.7505977591641
12.7326435775321
14.5994127972585
10.7965679861862
11.9248123155094
14.1680040451978
13.9909556410527
11.1295764658692
14.5175521306047
11.1495573137597
16.05299319684
13.4090302127796
12.1739940781723
13.500196474613
11.0554519257959
11.456162403459
14.4239004056036
10.4983399386576
11.7752567070908
10.6466314125033
10.728509306427
10.4849169025913
12.0775016989162
10.4080580893236
10.8597099592844
10.5758781254327
12.8386886431714
10.5582307677171
13.4931406841134
11.0198622416351
10.8756251693625
11.2113646758764
11.2006034514369
12.7773337433021
10.8235037513476
13.6972459455093
16.11551077681
13.4452695041514
11.2338836102622
10.5762348152265
11.4177896275378
